% Link1
I_1 = [1.083E+06 -4.444E+04 5.750E+04; -4.444E+04  6.991E+05 3.107E+05; 5.750E+04 3.107E+05 8.648E+05];
% Link2
I_2 = [7.185E+06 -490.607 1.436E+05; -490.607 7.513E+06 1.150E+04; 1.436E+05 1.150E+04 5.114E+05];
% Link3   
I_3 = [9.258E+06 -493.374 1.706E+05; -493.374 9.587E+06 -1.296E+04; 1.706E+05 -1.296E+04 5.215E+05];
% Link4   
I_4 = [1.927E+06 -4179.772 -5.342E+04; -4179.772 2.043E+06 -2.029E+05; -5.342E+04 -2.029E+05 2.957E+05];